% time     seconds  usecs/call     calls    errors syscall
------ ----------- ----------- --------- --------- ----------------
 26,25    0,000326         326         1           execve
 15,54    0,000193          24         8           mmap
 13,85    0,000172           7        23           read
 12,72    0,000158          12        13           write
  6,92    0,000086          28         3           openat
  4,67    0,000058          19         3           mprotect
  2,90    0,000036          12         3           brk
  2,66    0,000033          11         3           fstat
  2,66    0,000033          33         1           munmap
  2,42    0,000030          30         1         1 access
  2,17    0,000027           9         3           close
  1,85    0,000023          11         2           pread64
  1,21    0,000015           7         2           clock_gettime
  0,97    0,000012          12         1           arch_prctl
  0,81    0,000010          10         1           prlimit64
  0,64    0,000008           8         1           getrandom
  0,64    0,000008           8         1           rseq
  0,56    0,000007           7         1           set_tid_address
  0,56    0,000007           7         1           set_robust_list
------ ----------- ----------- --------- --------- ----------------
100,00    0,001242          17        72         1 total
